5.593050320944158926e+01
5.793607791444671307e+01
6.310767259359052872e+01
6.684855807046584175e+01
6.762272728959545987e+01
7.134796870608128927e+01
7.221908063500190167e+01
7.318863979794825525e+01
7.612909023282780652e+01
7.662859727700322310e+01
7.719075741987626316e+01
7.747492146653520706e+01
7.873641243132091461e+01
7.881716961955807221e+01
8.275706804575955289e+01
8.204257340043359648e+01
8.204257340043359648e+01
8.204257340043359648e+01
8.304335747201315598e+01
8.304335747201315598e+01
8.304335747201315598e+01
8.367463982338347250e+01
8.386362033272104100e+01
8.495859577408772623e+01
8.515199466719207066e+01
8.510152106230094660e+01
8.510152106230094660e+01
8.510152106230094660e+01
8.510152106230094660e+01
8.510152106230094660e+01
8.500124045738257905e+01
8.513946371419307013e+01
8.513946371419307013e+01
8.521891100690073984e+01
8.516701265822939604e+01
8.544097813225846494e+01
8.544097813225846494e+01
8.546848895479298847e+01
8.546848895479298847e+01
8.546848895479298847e+01
8.546848895479298847e+01
8.546848895479298847e+01
8.551870594404698522e+01
8.604350031525503084e+01
8.594066261826718289e+01
8.612592163719365601e+01
8.612592163719365601e+01
8.615369934129057583e+01
8.673698524368656138e+01
8.615369934129057583e+01
8.603462561155834010e+01
8.606240331565525992e+01
8.715365175088560079e+01
8.715365175088560079e+01
8.775477755537558266e+01
8.715365175088560079e+01
8.766348152974025254e+01
8.712587404678868097e+01
8.775477755537558266e+01
8.775477755537558266e+01
8.776951076386767170e+01
8.725968098501300574e+01
8.786080678950298761e+01
8.786080678950298761e+01
8.786080678950298761e+01
8.786080678950298761e+01
8.786080678950298761e+01
8.786080678950298761e+01
8.805525123270642496e+01
8.786080678950298761e+01
8.805525123270642496e+01
8.805525123270642496e+01
8.827136917456959964e+01
8.810488965127983363e+01
8.827136917456959964e+01
8.827136917456959964e+01
8.810488965127983363e+01
8.827136917456959964e+01
8.810488965127983363e+01
8.810488965127983363e+01
8.805525123270642496e+01
8.827136917456959964e+01
8.827136917456959964e+01
8.810488965127983363e+01
8.810488965127983363e+01
8.827136917456959964e+01
8.827136917456959964e+01
8.897782541116048094e+01
8.915245477012912545e+01
8.915245477012912545e+01
8.827136917456959964e+01
8.810488965127983363e+01
8.827136917456959964e+01
8.827136917456959964e+01
8.915245477012912545e+01
8.925828378016625209e+01
8.932751164739086391e+01
8.925828378016625209e+01
8.925828378016625209e+01
8.932751164739086391e+01
