2.140673620042994685e+01
2.184577066801749723e+01
2.283505956658417801e+01
2.370229126712537848e+01
2.385723851308059196e+01
2.448137813392925111e+01
2.465546553198596769e+01
2.484941306420845919e+01
2.543754083737767857e+01
2.553744228391903093e+01
2.564995810293535783e+01
2.570680852886924228e+01
2.595919959039614255e+01
2.597586617082897575e+01
2.676408788605992939e+01
2.662225748942028147e+01
2.662225748942028147e+01
2.662225748942028147e+01
2.682249070062460206e+01
2.682249070062460206e+01
2.682249070062460206e+01
2.694867077401025313e+01
2.698654327276618048e+01
2.720607685540671028e+01
2.724496618584604946e+01
2.723487146486782251e+01
2.723487146486782251e+01
2.723487146486782251e+01
2.723487146486782251e+01
2.723487146486782251e+01
2.721468221756560979e+01
2.724245999524624651e+01
2.724245999524624651e+01
2.726468219860718634e+01
2.724801555080128423e+01
2.730912664286278968e+01
2.730912664286278968e+01
2.731468219841797307e+01
2.731468219841797307e+01
2.731468219841797307e+01
2.731468219841797307e+01
2.731468219841797307e+01
2.732472559626877739e+01
2.743027144007428930e+01
2.740911693111280556e+01
2.744715422440346586e+01
2.744715422440346586e+01
2.745270976522285267e+01
2.756936694570204693e+01
2.745270976522285267e+01
2.745826533551445436e+01
2.746382087633384117e+01
2.765270024714185482e+01
2.765270024714185482e+01
2.777292540803985688e+01
2.765270024714185482e+01
2.778403651915084183e+01
2.764714470632246801e+01
2.777292540803985688e+01
2.777292540803985688e+01
2.780524236597632282e+01
2.767390609396734291e+01
2.779413125486533787e+01
2.779413125486533787e+01
2.779413125486533787e+01
2.779413125486533787e+01
2.779413125486533787e+01
2.779413125486533787e+01
2.783302014350601894e+01
2.779413125486533787e+01
2.783302014350601894e+01
2.783302014350601894e+01
2.787624373187865956e+01
2.784294782722070849e+01
2.787624373187865956e+01
2.787624373187865956e+01
2.784294782722070849e+01
2.787624373187865956e+01
2.784294782722070849e+01
2.784294782722070849e+01
2.783302014350601894e+01
2.787624373187865956e+01
2.787624373187865956e+01
2.784294782722070849e+01
2.784294782722070849e+01
2.787624373187865956e+01
2.787624373187865956e+01
2.804690529543487898e+01
2.805246085099055620e+01
2.805246085099055620e+01
2.787624373187865956e+01
2.784294782722070849e+01
2.787624373187865956e+01
2.787624373187865956e+01
2.805246085099055620e+01
2.807362665299798365e+01
2.811684254268095629e+01
2.807362665299798365e+01
2.807362665299798365e+01
2.811684254268095629e+01
